image: map_with_box.pgm
resolution: 0.050000
origin: [-1.631094, -23.508497, 0.000000]
negate: 0
occupied_thresh: 0.65
free_thresh: 0.196

