image: my_map_3D.pgm
resolution: 0.050000
origin: [-9.272114, -23.737392, 0.000000]
negate: 0
occupied_thresh: 0.65
free_thresh: 0.196

