image: my_map_3D.pgm
resolution: 0.050000
origin: [-4.950000, -37.850000, 0.000000]
negate: 0
occupied_thresh: 0.65
free_thresh: 0.196

